MAE: 0.8118036780931005
MSE: 1.2424437494679335
EVS: 0.9688427475166651
