MAE: 0.10776896456045212
MSE: 0.020213353075397837
EVS: 0.4691072612722861