MAE: 0.17512827515602106
MSE: 0.049131549425385716
EVS: 0.2806111688718094