MAE: 0.18079286052349527
MSE: 0.045979894999893134
EVS: 0.08177340363492648