MAE: 0.2007705908867399
MSE: 0.05625458606671825
EVS: 0.2586720990649199