MAE: 0.1254360902798744
MSE: 0.02350322227002055
EVS: 0.729293650168828