MAE: 0.14127078069640067
MSE: 0.02833639217617958
EVS: 0.27192837967945055