MAE: 0.22192406850075685
MSE: 0.06867518452191383
EVS: 0.18250860645085756