MAE: 0.14301844210408277
MSE: 0.029031228376295837
EVS: 0.24159678751956082