MAE: 0.15982278104472372
MSE: 0.04376957344275186
EVS: 0.34717596933282585