MAE: 0.10770945193809867
MSE: 0.02246103780842996
EVS: 0.41059708524695543