MAE: 0.11193537562420318
MSE: 0.02221755357935151
EVS: 0.5166160346095863