MAE: 0.1625652708027105
MSE: 0.039180256848377115
EVS: 0.1493115212914928