MAE: 0.16822221236569532
MSE: 0.04667378599202221
EVS: 0.26234583222966334