MAE: 0.16540246854004043
MSE: 0.04110492407791083
EVS: 0.1538309439117005