MAE: 0.1535411850126666
MSE: 0.03682780187441671
EVS: 0.36151966743681563