MAE: 0.17654896285384894
MSE: 0.04746242746675396
EVS: 0.338594493577414