MAE: 0.18027820823314983
MSE: 0.044885474244088404
EVS: 0.50889959884674