MAE: 0.13203748603617507
MSE: 0.0332482349066293
EVS: 0.3384818552193032