MAE: 0.20375936973973047
MSE: 0.05807609469035514
EVS: 0.34487971862422595