MAE: 0.2654224325769718
MSE: 0.0860578776098344
EVS: 0.26216556416157066