MAE: 0.2334890836523241
MSE: 0.07278345016245605
EVS: 0.29439350405864434