MAE: 0.17613027151008787
MSE: 0.04466480202993452
EVS: 0.5494356132062633