MAE: 0.18456153968083014
MSE: 0.05038538415571599
EVS: 0.3517779291747058