MAE: 0.1596310030003743
MSE: 0.0417899557955908
EVS: 0.3573906373517102