MAE: 0.21983343076759151
MSE: 0.06386457943689351
EVS: 0.3776513442523453