MAE: 0.13056206040616564
MSE: 0.03350806753539124
EVS: 0.14161943425492593