MAE: 0.20310937554708536
MSE: 0.05666728046536398
EVS: 0.19141163046980153