MAE: 0.21905769339230444
MSE: 0.07104189010939402
EVS: 0.15814593338975394