MAE: 0.17977145583732784
MSE: 0.051352866487351094
EVS: 0.39239009329615204