MAE: 0.17729477064817095
MSE: 0.05325616485472851
EVS: 0.05700214315279401